0.12903,-0.00601,-0.12173
0.00000,0.00000,0.00000	0.00000,0.00000,0.03000	0.07790,0.03380,0.08281	0.00085,0.00037,0.02854	0.04387,0.01903,-0.14525
0.00000,0.00000,0.00000	0.00000,0.00000,0.03000	0.08471,0.01968,0.07936	0.15782,0.03666,0.01328	0.12534,0.02911,-0.16360
0.00000,0.00000,0.00000	0.00000,0.00000,0.03000	0.08471,0.01968,0.07936	0.15782,0.03666,0.01328	0.12534,0.02911,-0.16360
0.00000,0.00000,0.00000	0.00000,0.00000,0.03000	0.08471,0.01968,0.07936	0.15782,0.03666,0.01328	0.12534,0.02911,-0.16360
0.00000,0.00000,0.00000	0.00000,0.00000,0.03000	0.08471,0.01968,0.07936	0.15782,0.03666,0.01328	0.12534,0.02911,-0.16360
0.00000,0.00000,0.00000	0.00000,0.00000,0.03000	0.08471,0.01968,0.07936	0.15782,0.03666,0.01328	0.12534,0.02911,-0.16360
0.00000,0.00000,0.00000	0.00000,0.00000,0.03000	0.03777,0.00406,0.12250	0.13291,0.01428,0.09343	0.13306,0.01430,-0.08657
0.00000,0.00000,0.00000	0.00000,0.00000,0.03000	0.03777,0.00406,0.12250	0.13291,0.01428,0.09343	0.13306,0.01430,-0.08657
0.00000,0.00000,0.00000	0.00000,0.00000,0.03000	0.03777,0.00406,0.12250	0.13291,0.01428,0.09343	0.13306,0.01430,-0.08657
0.00000,0.00000,0.00000	0.00000,0.00000,0.03000	0.09875,0.00000,0.04574	0.19212,-0.00000,0.00993	0.12766,-0.00000,-0.15813
0.00000,0.00000,0.00000	0.00000,0.00000,0.03000	0.09875,0.00000,0.04574	0.19212,-0.00000,0.00993	0.12766,-0.00000,-0.15813
0.00000,0.00000,0.00000	0.00000,0.00000,0.03000	0.09875,0.00000,0.04574	0.19212,-0.00000,0.00993	0.12766,-0.00000,-0.15813
0.00000,0.00000,0.00000	0.00000,0.00000,0.03000	0.09875,0.00000,0.04574	0.19212,-0.00000,0.00993	0.12766,-0.00000,-0.15813
0.00000,0.00000,0.00000	0.00000,0.00000,0.03000	0.07737,0.00667,0.09301	0.15512,0.01337,0.03049	0.13427,0.01157,-0.14829
0.00000,0.00000,0.00000	0.00000,0.00000,0.03000	0.07737,0.00667,0.09301	0.15512,0.01337,0.03049	0.13427,0.01157,-0.14829
0.00000,0.00000,0.00000	0.00000,0.00000,0.03000	0.07737,0.00667,0.09301	0.15512,0.01337,0.03049	0.13427,0.01157,-0.14829
0.00000,0.00000,0.00000	0.00000,0.00000,0.03000	0.07737,0.00667,0.09301	0.15512,0.01337,0.03049	0.13427,0.01157,-0.14829
0.00000,0.00000,0.00000	0.00000,0.00000,0.03000	0.07737,0.00667,0.09301	0.16553,0.01426,0.04642	0.11387,0.00981,-0.12595
0.00000,0.00000,0.00000	0.00000,0.00000,0.03000	-0.01041,-0.00045,0.12946	0.05237,0.00225,0.05167	0.12151,0.00523,-0.11450
0.00000,0.00000,0.00000	0.00000,0.00000,0.03000	0.00701,0.00036,0.12975	0.04413,0.00225,0.03692	0.13021,0.00664,-0.12110
0.00000,0.00000,0.00000	0.00000,0.00000,0.03000	0.00701,0.00036,0.12975	0.04413,0.00225,0.03692	0.13021,0.00664,-0.12110
0.00000,0.00000,0.00000	0.00000,0.00000,0.03000	0.00701,0.00036,0.12975	0.04413,0.00225,0.03692	0.13021,0.00664,-0.12110
0.00000,0.00000,0.00000	0.00000,0.00000,0.03000	0.00701,0.00036,0.12975	0.04413,0.00225,0.03692	0.13021,0.00664,-0.12110
0.00000,0.00000,0.00000	0.00000,0.00000,0.03000	0.00701,0.00036,0.12975	0.04413,0.00225,0.03692	0.13021,0.00664,-0.12110
0.00000,0.00000,0.00000	0.00000,0.00000,0.03000	0.00701,0.00036,0.12975	0.04413,0.00225,0.03692	0.13021,0.00664,-0.12110
0.00000,0.00000,0.00000	0.00000,0.00000,0.03000	0.00701,0.00036,0.12975	0.04413,0.00225,0.03692	0.13021,0.00664,-0.12110
0.00000,0.00000,0.00000	0.00000,0.00000,0.03000	0.00701,0.00036,0.12975	0.04413,0.00225,0.03692	0.13021,0.00664,-0.12110
0.00000,0.00000,0.00000	0.00000,0.00000,0.03000	0.00701,0.00036,0.12975	0.04413,0.00225,0.03692	0.13021,0.00664,-0.12110
0.00000,0.00000,0.00000	0.00000,0.00000,0.03000	0.00701,0.00036,0.12975	0.04413,0.00225,0.03692	0.13021,0.00664,-0.12110
0.00000,0.00000,0.00000	0.00000,0.00000,0.03000	0.00701,0.00036,0.12975	0.04413,0.00225,0.03692	0.13021,0.00664,-0.12110
0.00000,0.00000,0.00000	0.00000,0.00000,0.03000	0.00701,0.00036,0.12975	0.04413,0.00225,0.03692	0.13021,0.00664,-0.12110
0.00000,0.00000,0.00000	0.00000,0.00000,0.03000	0.00701,0.00036,0.12975	0.04413,0.00225,0.03692	0.13021,0.00664,-0.12110
0.00000,0.00000,0.00000	0.00000,0.00000,0.03000	-0.01042,0.00000,0.12946	0.05242,0.00000,0.05167	0.12163,-0.00000,-0.11450
0.00000,0.00000,0.00000	0.00000,0.00000,0.03000	-0.01042,0.00000,0.12946	0.05242,0.00000,0.05167	0.12163,-0.00000,-0.11450
0.00000,0.00000,0.00000	0.00000,0.00000,0.03000	-0.01042,0.00000,0.12946	0.05242,0.00000,0.05167	0.12163,-0.00000,-0.11450
0.00000,0.00000,0.00000	0.00000,0.00000,0.03000	-0.01042,0.00000,0.12946	0.05242,0.00000,0.05167	0.12163,-0.00000,-0.11450
0.00000,0.00000,0.00000	0.00000,0.00000,0.03000	-0.01042,0.00000,0.12946	0.05242,0.00000,0.05167	0.12163,-0.00000,-0.11450
0.00000,0.00000,0.00000	0.00000,0.00000,0.03000	0.01436,0.00000,0.12896	0.03992,0.00000,0.03229	0.13444,-0.00000,-0.12090
0.00000,0.00000,0.00000	0.00000,0.00000,0.03000	0.01436,0.00000,0.12896	0.03992,0.00000,0.03229	0.13444,-0.00000,-0.12090
0.00000,0.00000,0.00000	0.00000,0.00000,0.03000	0.01436,0.00000,0.12896	0.03992,0.00000,0.03229	0.13444,-0.00000,-0.12090
0.00000,0.00000,0.00000	0.00000,0.00000,0.03000	0.01436,0.00000,0.12896	0.03992,0.00000,0.03229	0.13444,-0.00000,-0.12090
0.00000,0.00000,0.00000	0.00000,0.00000,0.03000	0.01436,0.00000,0.12896	0.03992,0.00000,0.03229	0.13444,-0.00000,-0.12090
0.00000,0.00000,0.00000	0.00000,0.00000,0.03000	0.01436,0.00000,0.12896	0.03992,0.00000,0.03229	0.13444,-0.00000,-0.12090
0.00000,0.00000,0.00000	0.00000,0.00000,0.03000	0.01436,0.00000,0.12896	0.03992,0.00000,0.03229	0.13444,-0.00000,-0.12090
0.00000,0.00000,0.00000	0.00000,0.00000,0.03000	0.01436,0.00000,0.12896	0.03992,0.00000,0.03229	0.13444,-0.00000,-0.12090
0.00000,0.00000,0.00000	0.00000,0.00000,0.03000	0.00615,0.00000,0.12981	0.05269,0.00000,0.04130	0.12472,-0.00000,-0.12366
0.00000,0.00000,0.00000	0.00000,0.00000,0.03000	0.01371,0.00000,0.12906	0.04008,0.00000,0.03259	0.12945,-0.00000,-0.12365
0.00000,0.00000,0.00000	0.00000,0.00000,0.03000	0.01371,0.00000,0.12906	0.04008,0.00000,0.03259	0.12945,-0.00000,-0.12365
0.00000,0.00000,0.00000	0.00000,0.00000,0.03000	0.01371,0.00000,0.12906	0.04008,0.00000,0.03259	0.12945,-0.00000,-0.12365
0.00000,0.00000,0.00000	0.00000,0.00000,0.03000	0.01371,0.00000,0.12906	0.04008,0.00000,0.03259	0.12945,-0.00000,-0.12365
0.00000,0.00000,0.00000	0.00000,0.00000,0.03000	0.01371,0.00000,0.12906	0.04008,0.00000,0.03259	0.12945,-0.00000,-0.12365
0.00000,0.00000,0.00000	0.00000,0.00000,0.03000	0.01371,0.00000,0.12906	0.04008,0.00000,0.03259	0.12945,-0.00000,-0.12365
0.00000,0.00000,0.00000	0.00000,0.00000,0.03000	0.01371,0.00000,0.12906	0.04008,0.00000,0.03259	0.12945,-0.00000,-0.12365
0.00000,0.00000,0.00000	0.00000,0.00000,0.03000	0.01371,0.00000,0.12906	0.04008,0.00000,0.03259	0.12945,-0.00000,-0.12365
0.00000,0.00000,0.00000	0.00000,0.00000,0.03000	0.01371,0.00000,0.12906	0.04008,0.00000,0.03259	0.12945,-0.00000,-0.12365
0.00000,0.00000,0.00000	0.00000,0.00000,0.03000	0.01371,0.00000,0.12906	0.04008,0.00000,0.03259	0.12945,-0.00000,-0.12365
0.00000,0.00000,0.00000	0.00000,0.00000,0.03000	0.00972,0.00000,0.12953	0.06137,0.00000,0.04390	0.12949,-0.00000,-0.12272
0.00000,0.00000,0.00000	0.00000,0.00000,0.03000	0.00972,0.00000,0.12953	0.06137,0.00000,0.04390	0.12949,-0.00000,-0.12272
0.00000,0.00000,0.00000	0.00000,0.00000,0.03000	0.00972,0.00000,0.12953	0.06137,0.00000,0.04390	0.12949,-0.00000,-0.12272
0.00000,0.00000,0.00000	0.00000,0.00000,0.03000	0.00972,0.00000,0.12953	0.06137,0.00000,0.04390	0.12949,-0.00000,-0.12272
0.00000,0.00000,0.00000	0.00000,0.00000,0.03000	0.00972,0.00000,0.12953	0.06137,0.00000,0.04390	0.12949,-0.00000,-0.12272
0.00000,0.00000,0.00000	0.00000,0.00000,0.03000	0.00972,0.00000,0.12953	0.06137,0.00000,0.04390	0.12949,-0.00000,-0.12272
0.00000,0.00000,0.00000	0.00000,0.00000,0.03000	0.00972,0.00000,0.12953	0.06137,0.00000,0.04390	0.12949,-0.00000,-0.12272
0.00000,0.00000,0.00000	0.00000,0.00000,0.03000	0.00972,0.00000,0.12953	0.06137,0.00000,0.04390	0.12949,-0.00000,-0.12272
0.00000,0.00000,0.00000	0.00000,0.00000,0.03000	0.00972,0.00000,0.12953	0.06137,0.00000,0.04390	0.12949,-0.00000,-0.12272
0.00000,0.00000,0.00000	0.00000,0.00000,0.03000	0.00972,0.00000,0.12953	0.06137,0.00000,0.04390	0.12949,-0.00000,-0.12272
0.00000,0.00000,0.00000	0.00000,0.00000,0.03000	0.00855,0.00000,0.12963	0.05762,0.00000,0.04250	0.12976,-0.00000,-0.12241
0.00000,0.00000,0.00000	0.00000,0.00000,0.03000	0.00855,0.00000,0.12963	0.05762,0.00000,0.04250	0.12976,-0.00000,-0.12241
0.00000,0.00000,0.00000	0.00000,0.00000,0.03000	0.00855,0.00000,0.12963	0.05762,0.00000,0.04250	0.12976,-0.00000,-0.12241
0.00000,0.00000,0.00000	0.00000,0.00000,0.03000	0.00855,0.00000,0.12963	0.05762,0.00000,0.04250	0.12976,-0.00000,-0.12241
0.00000,0.00000,0.00000	0.00000,0.00000,0.03000	0.00855,0.00000,0.12963	0.05762,0.00000,0.04250	0.12976,-0.00000,-0.12241
0.00000,0.00000,0.00000	0.00000,0.00000,0.03000	0.00855,0.00000,0.12963	0.05762,0.00000,0.04250	0.12976,-0.00000,-0.12241
0.00000,0.00000,0.00000	0.00000,0.00000,0.03000	0.01286,0.00000,0.12917	0.07345,0.00000,0.04962	0.12990,-0.00000,-0.12130
0.00000,0.00000,0.00000	0.00000,0.00000,0.03000	0.01286,0.00000,0.12917	0.07345,0.00000,0.04962	0.12990,-0.00000,-0.12130
0.00000,0.00000,0.00000	0.00000,0.00000,0.03000	0.01286,0.00000,0.12917	0.07345,0.00000,0.04962	0.12990,-0.00000,-0.12130
0.00000,0.00000,0.00000	0.00000,0.00000,0.03000	0.01344,0.00000,0.12909	0.07522,0.00000,0.05046	0.12959,-0.00000,-0.12114
0.00000,0.00000,0.00000	0.00000,0.00000,0.03000	0.01344,0.00000,0.12909	0.07522,0.00000,0.05046	0.12959,-0.00000,-0.12114
0.00000,0.00000,0.00000	0.00000,0.00000,0.03000	0.00805,0.00000,0.12968	0.05646,0.00000,0.04217	0.12955,-0.00000,-0.12232
0.00000,0.00000,0.00000	0.00000,0.00000,0.03000	0.00805,0.00000,0.12968	0.05646,0.00000,0.04217	0.12955,-0.00000,-0.12232
0.00000,0.00000,0.00000	0.00000,0.00000,0.03000	0.00623,0.00000,0.12981	0.05111,0.00000,0.04045	0.12894,-0.00000,-0.12186
0.00000,0.00000,0.00000	0.00000,0.00000,0.03000	0.00623,0.00000,0.12981	0.05111,0.00000,0.04045	0.12894,-0.00000,-0.12186
0.00000,0.00000,0.00000	0.00000,0.00000,0.03000	0.00623,0.00000,0.12981	0.05111,0.00000,0.04045	0.12894,-0.00000,-0.12186
0.00000,0.00000,0.00000	0.00000,0.00000,0.03000	0.00623,0.00000,0.12981	0.05111,0.00000,0.04045	0.12894,-0.00000,-0.12186
0.00000,0.00000,0.00000	0.00000,0.00000,0.03000	0.00623,0.00000,0.12981	0.05111,0.00000,0.04045	0.12894,-0.00000,-0.12186
0.00000,0.00000,0.00000	0.00000,0.00000,0.03000	0.00623,0.00000,0.12981	0.05111,0.00000,0.04045	0.12894,-0.00000,-0.12186
0.00000,0.00000,0.00000	0.00000,0.00000,0.03000	0.00623,0.00000,0.12981	0.05111,0.00000,0.04045	0.12894,-0.00000,-0.12186
0.00000,0.00000,0.00000	0.00000,0.00000,0.03000	0.00623,0.00000,0.12981	0.05111,0.00000,0.04045	0.12894,-0.00000,-0.12186
0.00000,0.00000,0.00000	0.00000,0.00000,0.03000	0.00578,0.00000,0.12983	0.05028,0.00000,0.04028	0.12896,-0.00000,-0.12161
0.00000,0.00000,0.00000	0.00000,0.00000,0.03000	0.00578,0.00000,0.12983	0.05028,0.00000,0.04028	0.12896,-0.00000,-0.12161
0.00000,0.00000,0.00000	0.00000,0.00000,0.03000	0.00578,0.00000,0.12983	0.05028,0.00000,0.04028	0.12896,-0.00000,-0.12161
0.00000,0.00000,0.00000	0.00000,0.00000,0.03000	0.00578,0.00000,0.12983	0.05028,0.00000,0.04028	0.12896,-0.00000,-0.12161
0.00000,0.00000,0.00000	0.00000,0.00000,0.03000	0.00578,0.00000,0.12983	0.05028,0.00000,0.04028	0.12896,-0.00000,-0.12161
0.00000,0.00000,0.00000	0.00000,0.00000,0.03000	0.00578,0.00000,0.12983	0.05028,0.00000,0.04028	0.12896,-0.00000,-0.12161
0.00000,0.00000,0.00000	0.00000,0.00000,0.03000	0.00578,0.00000,0.12983	0.05028,0.00000,0.04028	0.12896,-0.00000,-0.12161
0.00000,0.00000,0.00000	0.00000,0.00000,0.03000	0.00578,0.00000,0.12983	0.05028,0.00000,0.04028	0.12896,-0.00000,-0.12161
0.00000,0.00000,0.00000	0.00000,0.00000,0.03000	0.00578,0.00000,0.12983	0.05028,0.00000,0.04028	0.12896,-0.00000,-0.12161
0.00000,0.00000,0.00000	0.00000,0.00000,0.03000	0.00578,0.00000,0.12983	0.05028,0.00000,0.04028	0.12896,-0.00000,-0.12161
0.00000,0.00000,0.00000	0.00000,0.00000,0.03000	0.00578,0.00000,0.12983	0.05028,0.00000,0.04028	0.12896,-0.00000,-0.12161
0.00000,0.00000,0.00000	0.00000,0.00000,0.03000	0.00578,0.00000,0.12983	0.05028,0.00000,0.04028	0.12896,-0.00000,-0.12161
0.00000,0.00000,0.00000	0.00000,0.00000,0.03000	0.00578,0.00000,0.12983	0.05028,0.00000,0.04028	0.12896,-0.00000,-0.12161
0.00000,0.00000,0.00000	0.00000,0.00000,0.03000	0.00578,0.00000,0.12983	0.05028,0.00000,0.04028	0.12896,-0.00000,-0.12161
0.00000,0.00000,0.00000	0.00000,0.00000,0.03000	0.00578,0.00000,0.12983	0.05028,0.00000,0.04028	0.12896,-0.00000,-0.12161
0.00000,0.00000,0.00000	0.00000,0.00000,0.03000	0.00578,0.00000,0.12983	0.05028,0.00000,0.04028	0.12896,-0.00000,-0.12161
0.00000,0.00000,0.00000	0.00000,0.00000,0.03000	0.00578,0.00000,0.12983	0.05028,0.00000,0.04028	0.12896,-0.00000,-0.12161
0.00000,0.00000,0.00000	0.00000,0.00000,0.03000	0.00578,0.00000,0.12983	0.05028,0.00000,0.04028	0.12896,-0.00000,-0.12161
0.00000,0.00000,0.00000	0.00000,0.00000,0.03000	0.00578,0.00000,0.12983	0.05028,0.00000,0.04028	0.12896,-0.00000,-0.12161
0.00000,0.00000,0.00000	0.00000,0.00000,0.03000	0.00578,0.00000,0.12983	0.05028,0.00000,0.04028	0.12896,-0.00000,-0.12161
0.00000,0.00000,0.00000	0.00000,0.00000,0.03000	0.00578,0.00000,0.12983	0.05028,0.00000,0.04028	0.12896,-0.00000,-0.12161
0.00000,0.00000,0.00000	0.00000,0.00000,0.03000	0.00578,0.00000,0.12983	0.05028,0.00000,0.04028	0.12896,-0.00000,-0.12161
0.00000,0.00000,0.00000	0.00000,0.00000,0.03000	0.00578,0.00000,0.12983	0.05028,0.00000,0.04028	0.12896,-0.00000,-0.12161
0.00000,0.00000,0.00000	0.00000,0.00000,0.03000	0.00578,0.00000,0.12983	0.05028,0.00000,0.04028	0.12896,-0.00000,-0.12161
0.00000,0.00000,0.00000	0.00000,0.00000,0.03000	0.00578,0.00000,0.12983	0.05028,0.00000,0.04028	0.12896,-0.00000,-0.12161
0.00000,0.00000,0.00000	0.00000,0.00000,0.03000	0.00578,0.00000,0.12983	0.05028,0.00000,0.04028	0.12896,-0.00000,-0.12161
0.00000,0.00000,0.00000	0.00000,0.00000,0.03000	0.00578,0.00000,0.12983	0.05028,0.00000,0.04028	0.12896,-0.00000,-0.12161
0.00000,0.00000,0.00000	0.00000,0.00000,0.03000	0.00606,0.00000,0.12982	0.05143,0.00000,0.04070	0.12893,-0.00000,-0.12176
0.00000,0.00000,0.00000	0.00000,0.00000,0.03000	0.00606,0.00000,0.12982	0.05143,0.00000,0.04070	0.12893,-0.00000,-0.12176
0.00000,0.00000,0.00000	0.00000,0.00000,0.03000	0.00606,0.00000,0.12982	0.05143,0.00000,0.04070	0.12893,-0.00000,-0.12176
0.00000,0.00000,0.00000	0.00000,0.00000,0.03000	0.00606,0.00000,0.12982	0.05143,0.00000,0.04070	0.12893,-0.00000,-0.12176
0.00000,0.00000,0.00000	0.00000,0.00000,0.03000	0.00606,0.00000,0.12982	0.05143,0.00000,0.04070	0.12893,-0.00000,-0.12176
0.00000,0.00000,0.00000	0.00000,0.00000,0.03000	0.00606,0.00000,0.12982	0.05143,0.00000,0.04070	0.12893,-0.00000,-0.12176
0.00000,0.00000,0.00000	0.00000,0.00000,0.03000	0.00606,0.00000,0.12982	0.05143,0.00000,0.04070	0.12893,-0.00000,-0.12176
0.00000,0.00000,0.00000	0.00000,0.00000,0.03000	0.00606,0.00000,0.12982	0.05143,0.00000,0.04070	0.12893,-0.00000,-0.12176
0.00000,0.00000,0.00000	0.00000,0.00000,0.03000	0.01229,0.00000,0.12924	0.07178,0.00000,0.04886	0.12912,-0.00000,-0.12176
0.00000,0.00000,0.00000	0.00000,0.00000,0.03000	0.01229,0.00000,0.12924	0.07178,0.00000,0.04886	0.12912,-0.00000,-0.12176
0.00000,0.00000,0.00000	0.00000,0.00000,0.03000	0.01229,0.00000,0.12924	0.07178,0.00000,0.04886	0.12912,-0.00000,-0.12176
0.00000,0.00000,0.00000	0.00000,0.00000,0.03000	0.01230,0.00000,0.12924	0.07193,0.00000,0.04897	0.12909,-0.00000,-0.12172
0.00000,0.00000,0.00000	0.00000,0.00000,0.03000	0.01230,0.00000,0.12924	0.07193,0.00000,0.04897	0.12909,-0.00000,-0.12172
0.00000,0.00000,0.00000	0.00000,0.00000,0.03000	0.01230,0.00000,0.12924	0.07193,0.00000,0.04897	0.12909,-0.00000,-0.12172
0.00000,0.00000,0.00000	0.00000,0.00000,0.03000	0.01230,0.00000,0.12924	0.07193,0.00000,0.04897	0.12909,-0.00000,-0.12172
0.00000,0.00000,0.00000	0.00000,0.00000,0.03000	0.01230,0.00000,0.12924	0.07193,0.00000,0.04897	0.12909,-0.00000,-0.12172