0.10000,0.10000,0.10000
0.00000,0.00000,0.00000	0.00000,0.00000,0.03000	-0.03364,-0.09417,0.03000	-0.00058,-0.00163,0.04851	0.05666,0.15862,0.10718
0.00000,0.00000,0.00000	0.00000,0.00000,0.03000	-0.07444,-0.06637,0.03734	-0.03816,-0.03402,0.12473	0.08901,0.07936,0.06666
0.00000,0.00000,0.00000	0.00000,0.00000,0.03000	-0.07444,-0.06637,0.03734	-0.03816,-0.03402,0.12473	0.08901,0.07936,0.06666
0.00000,0.00000,0.00000	0.00000,0.00000,0.03000	-0.07444,-0.06637,0.03734	-0.03816,-0.03402,0.12473	0.08901,0.07936,0.06666
0.00000,0.00000,0.00000	0.00000,0.00000,0.03000	-0.08300,-0.05529,0.03734	-0.04372,-0.02913,0.12550	0.10607,0.07067,0.12698
0.00000,0.00000,0.00000	0.00000,0.00000,0.03000	-0.08300,-0.05529,0.03734	-0.04372,-0.02913,0.12550	0.10607,0.07067,0.12698
0.00000,0.00000,0.00000	0.00000,0.00000,0.03000	-0.07197,-0.06942,0.03049	-0.01231,-0.01187,0.08642	0.11634,0.11222,0.10768
0.00000,0.00000,0.00000	0.00000,0.00000,0.03000	-0.07197,-0.06942,0.03049	-0.01231,-0.01187,0.08642	0.11634,0.11222,0.10768
0.00000,0.00000,0.00000	0.00000,0.00000,0.03000	-0.07197,-0.06942,0.03049	-0.01231,-0.01187,0.08642	0.11634,0.11222,0.10768
0.00000,0.00000,0.00000	0.00000,0.00000,0.03000	-0.07282,-0.06854,0.03000	-0.02204,-0.02074,0.10168	0.10892,0.10251,0.09411
0.00000,0.00000,0.00000	0.00000,0.00000,0.03000	-0.07282,-0.06854,0.03000	-0.02204,-0.02074,0.10168	0.10892,0.10251,0.09411
0.00000,0.00000,0.00000	0.00000,0.00000,0.03000	-0.07282,-0.06854,0.03000	-0.02204,-0.02074,0.10168	0.10892,0.10251,0.09411
0.00000,0.00000,0.00000	0.00000,0.00000,0.03000	-0.07434,-0.06688,0.03000	-0.03057,-0.02750,0.11083	0.10265,0.09235,0.09378
0.00000,0.00000,0.00000	0.00000,0.00000,0.03000	-0.07434,-0.06688,0.03000	-0.03057,-0.02750,0.11083	0.10265,0.09235,0.09378
0.00000,0.00000,0.00000	0.00000,0.00000,0.03000	-0.07434,-0.06688,0.03000	-0.03057,-0.02750,0.11083	0.10265,0.09235,0.09378
0.00000,0.00000,0.00000	0.00000,0.00000,0.03000	-0.07197,-0.06942,0.03000	-0.02853,-0.02752,0.10972	0.10098,0.09740,0.10475
0.00000,0.00000,0.00000	0.00000,0.00000,0.03000	-0.07197,-0.06942,0.03000	-0.02853,-0.02752,0.10972	0.10098,0.09740,0.10475
0.00000,0.00000,0.00000	0.00000,0.00000,0.03000	-0.07197,-0.06942,0.03000	-0.02853,-0.02752,0.10972	0.10098,0.09740,0.10475
0.00000,0.00000,0.00000	0.00000,0.00000,0.03000	-0.07197,-0.06942,0.03000	-0.02853,-0.02752,0.10972	0.10098,0.09740,0.10475
0.00000,0.00000,0.00000	0.00000,0.00000,0.03000	-0.07197,-0.06942,0.03000	-0.02853,-0.02752,0.10972	0.10098,0.09740,0.10475
0.00000,0.00000,0.00000	0.00000,0.00000,0.03000	-0.07197,-0.06942,0.03000	-0.02853,-0.02752,0.10972	0.10098,0.09740,0.10475
0.00000,0.00000,0.00000	0.00000,0.00000,0.03000	-0.07197,-0.06942,0.03000	-0.02853,-0.02752,0.10972	0.10098,0.09740,0.10475
0.00000,0.00000,0.00000	0.00000,0.00000,0.03000	-0.07197,-0.06942,0.03000	-0.02853,-0.02752,0.10972	0.10098,0.09740,0.10475
0.00000,0.00000,0.00000	0.00000,0.00000,0.03000	-0.06972,-0.07169,0.03021	-0.02855,-0.02936,0.11091	0.09662,0.09934,0.09790
0.00000,0.00000,0.00000	0.00000,0.00000,0.03000	-0.07226,-0.06913,0.03000	-0.02802,-0.02681,0.10907	0.10188,0.09747,0.10008
0.00000,0.00000,0.00000	0.00000,0.00000,0.03000	-0.07226,-0.06913,0.03000	-0.02802,-0.02681,0.10907	0.10188,0.09747,0.10008
0.00000,0.00000,0.00000	0.00000,0.00000,0.03000	-0.07226,-0.06913,0.03000	-0.02802,-0.02681,0.10907	0.10188,0.09747,0.10008
0.00000,0.00000,0.00000	0.00000,0.00000,0.03000	-0.06973,-0.07167,0.03000	-0.02650,-0.02724,0.10846	0.09886,0.10161,0.09937
0.00000,0.00000,0.00000	0.00000,0.00000,0.03000	-0.06973,-0.07167,0.03000	-0.02650,-0.02724,0.10846	0.09886,0.10161,0.09937
0.00000,0.00000,0.00000	0.00000,0.00000,0.03000	-0.06973,-0.07167,0.03000	-0.02650,-0.02724,0.10846	0.09886,0.10161,0.09937
0.00000,0.00000,0.00000	0.00000,0.00000,0.03000	-0.06973,-0.07167,0.03000	-0.02650,-0.02724,0.10846	0.09886,0.10161,0.09937
0.00000,0.00000,0.00000	0.00000,0.00000,0.03000	-0.06973,-0.07167,0.03000	-0.02650,-0.02724,0.10846	0.09886,0.10161,0.09937
0.00000,0.00000,0.00000	0.00000,0.00000,0.03000	-0.06973,-0.07167,0.03000	-0.02650,-0.02724,0.10846	0.09886,0.10161,0.09937
0.00000,0.00000,0.00000	0.00000,0.00000,0.03000	-0.06973,-0.07167,0.03000	-0.02650,-0.02724,0.10846	0.09886,0.10161,0.09937
0.00000,0.00000,0.00000	0.00000,0.00000,0.03000	-0.07063,-0.07079,0.03010	-0.02663,-0.02669,0.10833	0.10035,0.10057,0.09941
0.00000,0.00000,0.00000	0.00000,0.00000,0.03000	-0.07092,-0.07050,0.03009	-0.02722,-0.02706,0.10885	0.10025,0.09967,0.09927
0.00000,0.00000,0.00000	0.00000,0.00000,0.03000	-0.07092,-0.07050,0.03009	-0.02722,-0.02706,0.10885	0.10025,0.09967,0.09927
0.00000,0.00000,0.00000	0.00000,0.00000,0.03000	-0.07087,-0.07055,0.03010	-0.02683,-0.02671,0.10845	0.10059,0.10014,0.09995
0.00000,0.00000,0.00000	0.00000,0.00000,0.03000	-0.07087,-0.07055,0.03010	-0.02683,-0.02671,0.10845	0.10059,0.10014,0.09995
0.00000,0.00000,0.00000	0.00000,0.00000,0.03000	-0.07065,-0.07077,0.03007	-0.02681,-0.02686,0.10849	0.10020,0.10037,0.09962
0.00000,0.00000,0.00000	0.00000,0.00000,0.03000	-0.07065,-0.07077,0.03007	-0.02681,-0.02686,0.10849	0.10020,0.10037,0.09962
0.00000,0.00000,0.00000	0.00000,0.00000,0.03000	-0.07087,-0.07055,0.03007	-0.02725,-0.02713,0.10889	0.10017,0.09972,0.10037
0.00000,0.00000,0.00000	0.00000,0.00000,0.03000	-0.07057,-0.07085,0.03005	-0.02718,-0.02729,0.10892	0.09969,0.10009,0.10016
0.00000,0.00000,0.00000	0.00000,0.00000,0.03000	-0.07058,-0.07084,0.03002	-0.02722,-0.02732,0.10893	0.09968,0.10003,0.10008
0.00000,0.00000,0.00000	0.00000,0.00000,0.03000	-0.07058,-0.07084,0.03002	-0.02722,-0.02732,0.10893	0.09968,0.10003,0.10008
0.00000,0.00000,0.00000	0.00000,0.00000,0.03000	-0.07058,-0.07084,0.03002	-0.02722,-0.02732,0.10893	0.09968,0.10003,0.10008
0.00000,0.00000,0.00000	0.00000,0.00000,0.03000	-0.07067,-0.07075,0.03010	-0.02719,-0.02723,0.10894	0.09986,0.09998,0.10012
0.00000,0.00000,0.00000	0.00000,0.00000,0.03000	-0.07067,-0.07075,0.03010	-0.02719,-0.02723,0.10894	0.09986,0.09998,0.10012
0.00000,0.00000,0.00000	0.00000,0.00000,0.03000	-0.07067,-0.07075,0.03010	-0.02719,-0.02723,0.10894	0.09986,0.09998,0.10012
0.00000,0.00000,0.00000	0.00000,0.00000,0.03000	-0.07067,-0.07075,0.03010	-0.02719,-0.02723,0.10894	0.09986,0.09998,0.10012
0.00000,0.00000,0.00000	0.00000,0.00000,0.03000	-0.07067,-0.07075,0.03010	-0.02719,-0.02723,0.10894	0.09986,0.09998,0.10012
0.00000,0.00000,0.00000	0.00000,0.00000,0.03000	-0.07067,-0.07075,0.03010	-0.02719,-0.02723,0.10894	0.09986,0.09998,0.10012
0.00000,0.00000,0.00000	0.00000,0.00000,0.03000	-0.07067,-0.07075,0.03010	-0.02719,-0.02723,0.10894	0.09986,0.09998,0.10012
0.00000,0.00000,0.00000	0.00000,0.00000,0.03000	-0.07067,-0.07075,0.03010	-0.02719,-0.02723,0.10894	0.09986,0.09998,0.10012
0.00000,0.00000,0.00000	0.00000,0.00000,0.03000	-0.07067,-0.07075,0.03010	-0.02719,-0.02723,0.10894	0.09986,0.09998,0.10012
0.00000,0.00000,0.00000	0.00000,0.00000,0.03000	-0.07075,-0.07067,0.03015	-0.02719,-0.02716,0.10895	0.10001,0.09989,0.09998
0.00000,0.00000,0.00000	0.00000,0.00000,0.03000	-0.07074,-0.07068,0.03015	-0.02717,-0.02715,0.10893	0.10000,0.09992,0.09995
0.00000,0.00000,0.00000	0.00000,0.00000,0.03000	-0.07074,-0.07068,0.03015	-0.02717,-0.02715,0.10893	0.10000,0.09992,0.09995
0.00000,0.00000,0.00000	0.00000,0.00000,0.03000	-0.07074,-0.07068,0.03015	-0.02717,-0.02715,0.10893	0.10000,0.09992,0.09995
0.00000,0.00000,0.00000	0.00000,0.00000,0.03000	-0.07074,-0.07068,0.03015	-0.02717,-0.02715,0.10893	0.10000,0.09992,0.09995
0.00000,0.00000,0.00000	0.00000,0.00000,0.03000	-0.07074,-0.07068,0.03015	-0.02717,-0.02715,0.10893	0.10000,0.09992,0.09995
0.00000,0.00000,0.00000	0.00000,0.00000,0.03000	-0.07074,-0.07068,0.03015	-0.02717,-0.02715,0.10893	0.10000,0.09992,0.09995
0.00000,0.00000,0.00000	0.00000,0.00000,0.03000	-0.07074,-0.07068,0.03015	-0.02717,-0.02715,0.10893	0.10000,0.09992,0.09995
0.00000,0.00000,0.00000	0.00000,0.00000,0.03000	-0.07074,-0.07068,0.03015	-0.02717,-0.02715,0.10893	0.10000,0.09992,0.09995
0.00000,0.00000,0.00000	0.00000,0.00000,0.03000	-0.07074,-0.07068,0.03015	-0.02717,-0.02715,0.10893	0.10000,0.09992,0.09995
0.00000,0.00000,0.00000	0.00000,0.00000,0.03000	-0.07069,-0.07073,0.03008	-0.02716,-0.02717,0.10887	0.09994,0.09999,0.10005
0.00000,0.00000,0.00000	0.00000,0.00000,0.03000	-0.07072,-0.07070,0.03008	-0.02714,-0.02714,0.10884	0.10000,0.09997,0.09998
0.00000,0.00000,0.00000	0.00000,0.00000,0.03000	-0.07072,-0.07070,0.03008	-0.02714,-0.02714,0.10884	0.10000,0.09997,0.09998
0.00000,0.00000,0.00000	0.00000,0.00000,0.03000	-0.07072,-0.07070,0.03008	-0.02714,-0.02714,0.10884	0.10000,0.09997,0.09998
0.00000,0.00000,0.00000	0.00000,0.00000,0.03000	-0.07072,-0.07070,0.03008	-0.02714,-0.02714,0.10884	0.10000,0.09997,0.09998
0.00000,0.00000,0.00000	0.00000,0.00000,0.03000	-0.07072,-0.07070,0.03008	-0.02714,-0.02714,0.10884	0.10000,0.09997,0.09998
0.00000,0.00000,0.00000	0.00000,0.00000,0.03000	-0.07072,-0.07070,0.03008	-0.02714,-0.02714,0.10884	0.10000,0.09997,0.09998
0.00000,0.00000,0.00000	0.00000,0.00000,0.03000	-0.07072,-0.07070,0.03008	-0.02714,-0.02714,0.10884	0.10000,0.09997,0.09998
0.00000,0.00000,0.00000	0.00000,0.00000,0.03000	-0.07072,-0.07070,0.03008	-0.02714,-0.02714,0.10884	0.10000,0.09997,0.09998
0.00000,0.00000,0.00000	0.00000,0.00000,0.03000	-0.07070,-0.07072,0.03006	-0.02714,-0.02714,0.10883	0.09997,0.10000,0.10001
0.00000,0.00000,0.00000	0.00000,0.00000,0.03000	-0.07071,-0.07071,0.03007	-0.02712,-0.02712,0.10881	0.10000,0.10001,0.09998
0.00000,0.00000,0.00000	0.00000,0.00000,0.03000	-0.07071,-0.07071,0.03007	-0.02712,-0.02712,0.10881	0.10000,0.10001,0.09998
0.00000,0.00000,0.00000	0.00000,0.00000,0.03000	-0.07071,-0.07071,0.03007	-0.02712,-0.02712,0.10881	0.10000,0.10001,0.09998
0.00000,0.00000,0.00000	0.00000,0.00000,0.03000	-0.07071,-0.07071,0.03007	-0.02712,-0.02712,0.10881	0.10000,0.10001,0.09998
0.00000,0.00000,0.00000	0.00000,0.00000,0.03000	-0.07071,-0.07071,0.03007	-0.02712,-0.02712,0.10881	0.10000,0.10001,0.09998
0.00000,0.00000,0.00000	0.00000,0.00000,0.03000	-0.07071,-0.07071,0.03007	-0.02712,-0.02712,0.10881	0.10000,0.10001,0.09998
0.00000,0.00000,0.00000	0.00000,0.00000,0.03000	-0.07071,-0.07071,0.03007	-0.02712,-0.02712,0.10881	0.10000,0.10001,0.09998
0.00000,0.00000,0.00000	0.00000,0.00000,0.03000	-0.07071,-0.07071,0.03007	-0.02712,-0.02712,0.10881	0.10000,0.10001,0.09998
0.00000,0.00000,0.00000	0.00000,0.00000,0.03000	-0.07071,-0.07071,0.03007	-0.02712,-0.02712,0.10881	0.10000,0.10001,0.09998
0.00000,0.00000,0.00000	0.00000,0.00000,0.03000	-0.07071,-0.07071,0.03007	-0.02712,-0.02712,0.10881	0.10000,0.10001,0.09998
0.00000,0.00000,0.00000	0.00000,0.00000,0.03000	-0.07071,-0.07071,0.03007	-0.02712,-0.02712,0.10881	0.10000,0.10001,0.09998
0.00000,0.00000,0.00000	0.00000,0.00000,0.03000	-0.07071,-0.07072,0.03006	-0.02713,-0.02713,0.10881	0.09999,0.10000,0.10000
0.00000,0.00000,0.00000	0.00000,0.00000,0.03000	-0.07071,-0.07072,0.03006	-0.02713,-0.02713,0.10881	0.09999,0.10000,0.10000
0.00000,0.00000,0.00000	0.00000,0.00000,0.03000	-0.07071,-0.07072,0.03006	-0.02713,-0.02713,0.10881	0.09999,0.10000,0.10000
0.00000,0.00000,0.00000	0.00000,0.00000,0.03000	-0.07071,-0.07072,0.03006	-0.02713,-0.02713,0.10881	0.09999,0.10000,0.10000
0.00000,0.00000,0.00000	0.00000,0.00000,0.03000	-0.07071,-0.07071,0.03011	-0.02712,-0.02712,0.10885	0.10001,0.10001,0.10000
0.00000,0.00000,0.00000	0.00000,0.00000,0.03000	-0.07071,-0.07071,0.03011	-0.02712,-0.02712,0.10885	0.10001,0.10001,0.10000
0.00000,0.00000,0.00000	0.00000,0.00000,0.03000	-0.07071,-0.07071,0.03011	-0.02712,-0.02712,0.10885	0.10001,0.10001,0.10000
0.00000,0.00000,0.00000	0.00000,0.00000,0.03000	-0.07071,-0.07071,0.03011	-0.02712,-0.02712,0.10885	0.10001,0.10001,0.10000
0.00000,0.00000,0.00000	0.00000,0.00000,0.03000	-0.07071,-0.07071,0.03011	-0.02712,-0.02712,0.10885	0.10001,0.10001,0.10000
0.00000,0.00000,0.00000	0.00000,0.00000,0.03000	-0.07071,-0.07071,0.03011	-0.02712,-0.02712,0.10885	0.10001,0.10001,0.10000
0.00000,0.00000,0.00000	0.00000,0.00000,0.03000	-0.07071,-0.07071,0.03013	-0.02713,-0.02713,0.10887	0.10000,0.10000,0.10001
0.00000,0.00000,0.00000	0.00000,0.00000,0.03000	-0.07071,-0.07071,0.03013	-0.02713,-0.02713,0.10887	0.10000,0.10000,0.10001
0.00000,0.00000,0.00000	0.00000,0.00000,0.03000	-0.07071,-0.07071,0.03013	-0.02713,-0.02713,0.10887	0.10000,0.10000,0.10001
0.00000,0.00000,0.00000	0.00000,0.00000,0.03000	-0.07071,-0.07071,0.03013	-0.02713,-0.02713,0.10887	0.10000,0.10000,0.10001
0.00000,0.00000,0.00000	0.00000,0.00000,0.03000	-0.07071,-0.07071,0.03013	-0.02713,-0.02713,0.10887	0.10000,0.10000,0.10001
0.00000,0.00000,0.00000	0.00000,0.00000,0.03000	-0.07071,-0.07071,0.03013	-0.02713,-0.02713,0.10887	0.10000,0.10000,0.10001
0.00000,0.00000,0.00000	0.00000,0.00000,0.03000	-0.07071,-0.07071,0.03007	-0.02713,-0.02713,0.10882	0.10000,0.10000,0.10000
0.00000,0.00000,0.00000	0.00000,0.00000,0.03000	-0.07071,-0.07071,0.03007	-0.02713,-0.02713,0.10882	0.10000,0.10000,0.10000
0.00000,0.00000,0.00000	0.00000,0.00000,0.03000	-0.07071,-0.07071,0.03007	-0.02713,-0.02713,0.10882	0.10000,0.10000,0.10000
0.00000,0.00000,0.00000	0.00000,0.00000,0.03000	-0.07071,-0.07071,0.03007	-0.02713,-0.02713,0.10882	0.10000,0.10000,0.10000
0.00000,0.00000,0.00000	0.00000,0.00000,0.03000	-0.07071,-0.07071,0.03007	-0.02713,-0.02713,0.10882	0.10000,0.10000,0.10000
0.00000,0.00000,0.00000	0.00000,0.00000,0.03000	-0.07071,-0.07071,0.03007	-0.02713,-0.02713,0.10882	0.10000,0.10000,0.10000
0.00000,0.00000,0.00000	0.00000,0.00000,0.03000	-0.07071,-0.07071,0.03009	-0.02713,-0.02713,0.10884	0.10000,0.10000,0.10000
0.00000,0.00000,0.00000	0.00000,0.00000,0.03000	-0.07071,-0.07071,0.03009	-0.02713,-0.02713,0.10884	0.10000,0.10000,0.10000
0.00000,0.00000,0.00000	0.00000,0.00000,0.03000	-0.07071,-0.07071,0.03009	-0.02713,-0.02713,0.10884	0.10000,0.10000,0.10000
0.00000,0.00000,0.00000	0.00000,0.00000,0.03000	-0.07071,-0.07071,0.03012	-0.02713,-0.02713,0.10886	0.10000,0.10000,0.10000
0.00000,0.00000,0.00000	0.00000,0.00000,0.03000	-0.07071,-0.07071,0.03012	-0.02713,-0.02713,0.10886	0.10000,0.10000,0.10000
0.00000,0.00000,0.00000	0.00000,0.00000,0.03000	-0.07071,-0.07071,0.03014	-0.02712,-0.02713,0.10888	0.10000,0.10000,0.10000
0.00000,0.00000,0.00000	0.00000,0.00000,0.03000	-0.07071,-0.07071,0.03014	-0.02712,-0.02713,0.10888	0.10000,0.10000,0.10000
0.00000,0.00000,0.00000	0.00000,0.00000,0.03000	-0.07071,-0.07071,0.03014	-0.02712,-0.02713,0.10888	0.10000,0.10000,0.10000
0.00000,0.00000,0.00000	0.00000,0.00000,0.03000	-0.07071,-0.07071,0.03014	-0.02712,-0.02713,0.10888	0.10000,0.10000,0.10000
0.00000,0.00000,0.00000	0.00000,0.00000,0.03000	-0.07071,-0.07071,0.03014	-0.02712,-0.02713,0.10888	0.10000,0.10000,0.10000
0.00000,0.00000,0.00000	0.00000,0.00000,0.03000	-0.07071,-0.07071,0.03014	-0.02712,-0.02713,0.10888	0.10000,0.10000,0.10000
0.00000,0.00000,0.00000	0.00000,0.00000,0.03000	-0.07071,-0.07071,0.03014	-0.02712,-0.02713,0.10888	0.10000,0.10000,0.10000
0.00000,0.00000,0.00000	0.00000,0.00000,0.03000	-0.07071,-0.07071,0.03014	-0.02712,-0.02713,0.10888	0.10000,0.10000,0.10000
0.00000,0.00000,0.00000	0.00000,0.00000,0.03000	-0.07071,-0.07071,0.03014	-0.02712,-0.02713,0.10888	0.10000,0.10000,0.10000
0.00000,0.00000,0.00000	0.00000,0.00000,0.03000	-0.07071,-0.07071,0.03014	-0.02712,-0.02712,0.10888	0.10000,0.10000,0.10000
0.00000,0.00000,0.00000	0.00000,0.00000,0.03000	-0.07071,-0.07071,0.03015	-0.02712,-0.02712,0.10889	0.10000,0.10000,0.10000
0.00000,0.00000,0.00000	0.00000,0.00000,0.03000	-0.07071,-0.07071,0.03015	-0.02712,-0.02712,0.10889	0.10000,0.10000,0.10000
0.00000,0.00000,0.00000	0.00000,0.00000,0.03000	-0.07071,-0.07071,0.03015	-0.02712,-0.02712,0.10889	0.10000,0.10000,0.10000
0.00000,0.00000,0.00000	0.00000,0.00000,0.03000	-0.07071,-0.07071,0.03015	-0.02712,-0.02712,0.10889	0.10000,0.10000,0.10000
0.00000,0.00000,0.00000	0.00000,0.00000,0.03000	-0.07071,-0.07071,0.03017	-0.02712,-0.02712,0.10891	0.10000,0.10000,0.10000
0.00000,0.00000,0.00000	0.00000,0.00000,0.03000	-0.07071,-0.07071,0.03017	-0.02712,-0.02712,0.10891	0.10000,0.10000,0.10000
0.00000,0.00000,0.00000	0.00000,0.00000,0.03000	-0.07071,-0.07071,0.03017	-0.02712,-0.02712,0.10891	0.10000,0.10000,0.10000
0.00000,0.00000,0.00000	0.00000,0.00000,0.03000	-0.07071,-0.07071,0.03017	-0.02712,-0.02712,0.10891	0.10000,0.10000,0.10000
0.00000,0.00000,0.00000	0.00000,0.00000,0.03000	-0.07071,-0.07071,0.03017	-0.02712,-0.02712,0.10891	0.10000,0.10000,0.10000
0.00000,0.00000,0.00000	0.00000,0.00000,0.03000	-0.07071,-0.07071,0.03017	-0.02712,-0.02712,0.10891	0.10000,0.10000,0.10000
0.00000,0.00000,0.00000	0.00000,0.00000,0.03000	-0.07071,-0.07071,0.03017	-0.02712,-0.02712,0.10891	0.10000,0.10000,0.10000
0.00000,0.00000,0.00000	0.00000,0.00000,0.03000	-0.07071,-0.07071,0.03017	-0.02712,-0.02712,0.10891	0.10000,0.10000,0.10000
0.00000,0.00000,0.00000	0.00000,0.00000,0.03000	-0.07071,-0.07071,0.03017	-0.02712,-0.02712,0.10891	0.10000,0.10000,0.10000
0.00000,0.00000,0.00000	0.00000,0.00000,0.03000	-0.07071,-0.07071,0.03017	-0.02712,-0.02712,0.10891	0.10000,0.10000,0.10000
0.00000,0.00000,0.00000	0.00000,0.00000,0.03000	-0.07071,-0.07071,0.03017	-0.02712,-0.02712,0.10891	0.10000,0.10000,0.10000
0.00000,0.00000,0.00000	0.00000,0.00000,0.03000	-0.07071,-0.07071,0.03017	-0.02712,-0.02712,0.10891	0.10000,0.10000,0.10000
0.00000,0.00000,0.00000	0.00000,0.00000,0.03000	-0.07071,-0.07071,0.03017	-0.02712,-0.02712,0.10891	0.10000,0.10000,0.10000
0.00000,0.00000,0.00000	0.00000,0.00000,0.03000	-0.07071,-0.07071,0.03017	-0.02712,-0.02712,0.10891	0.10000,0.10000,0.10000
0.00000,0.00000,0.00000	0.00000,0.00000,0.03000	-0.07071,-0.07071,0.03017	-0.02712,-0.02712,0.10891	0.10000,0.10000,0.10000
0.00000,0.00000,0.00000	0.00000,0.00000,0.03000	-0.07071,-0.07071,0.03017	-0.02712,-0.02712,0.10891	0.10000,0.10000,0.10000
0.00000,0.00000,0.00000	0.00000,0.00000,0.03000	-0.07071,-0.07071,0.03017	-0.02712,-0.02712,0.10891	0.10000,0.10000,0.10000
0.00000,0.00000,0.00000	0.00000,0.00000,0.03000	-0.07071,-0.07071,0.03017	-0.02712,-0.02712,0.10891	0.10000,0.10000,0.10000
0.00000,0.00000,0.00000	0.00000,0.00000,0.03000	-0.07071,-0.07071,0.03017	-0.02712,-0.02712,0.10891	0.10000,0.10000,0.10000
0.00000,0.00000,0.00000	0.00000,0.00000,0.03000	-0.07071,-0.07071,0.03017	-0.02712,-0.02712,0.10891	0.10000,0.10000,0.10000
0.00000,0.00000,0.00000	0.00000,0.00000,0.03000	-0.07071,-0.07071,0.03017	-0.02712,-0.02712,0.10891	0.10000,0.10000,0.10000